4.121629999999991689e-01 4.694869999999998211e-01 4.907390000000008690e-01 4.969159999999998578e-01
3.796879999999995814e-01 4.576510000000004741e-01 4.862990000000003143e-01 4.954230000000001688e-01
3.563190000000009405e-01 4.506019999999995584e-01 4.829430000000014545e-01 4.940450000000000119e-01
3.371670000000002165e-01 4.447889999999999899e-01 4.801190000000004066e-01 4.933070000000008837e-01
3.224590000000000511e-01 4.395460000000003808e-01 4.774520000000009312e-01 4.909720000000007412e-01
3.086760000000001725e-01 4.362870000000000914e-01 4.754720000000010605e-01 4.912340000000010032e-01
2.975129999999997499e-01 4.319910000000003469e-01 4.743500000000012706e-01 4.898720000000002517e-01
2.869529999999998471e-01 4.282689999999995667e-01 4.715420000000005718e-01 4.888140000000000818e-01
2.776529999999993170e-01 4.243600000000000150e-01 4.700869999999999216e-01 4.884510000000010232e-01
2.693849999999994305e-01 4.213519999999997823e-01 4.687250000000008354e-01 4.875890000000001612e-01
2.625759999999993655e-01 4.186839999999997786e-01 4.675520000000008558e-01 4.865700000000007241e-01
2.544559999999999600e-01 4.154659999999992803e-01 4.669709999999996919e-01 4.861230000000011375e-01
2.484910000000001840e-01 4.131999999999989570e-01 4.645540000000010772e-01 4.853060000000011254e-01
2.433550000000001268e-01 4.116669999999997276e-01 4.643920000000005821e-01 4.854890000000003925e-01
2.369050000000002543e-01 4.080290000000000306e-01 4.631500000000006723e-01 4.848430000000006901e-01
2.320650000000006041e-01 4.061479999999994539e-01 4.628870000000003815e-01 4.841980000000009055e-01
2.274190000000003431e-01 4.037149999999989913e-01 4.608480000000006460e-01 4.835760000000012271e-01
2.226820000000000743e-01 4.004449999999994958e-01 4.595360000000002221e-01 4.831760000000001609e-01
2.179130000000002454e-01 3.986349999999992400e-01 4.589690000000001269e-01 4.825750000000009754e-01
2.151540000000001784e-01 3.969269999999995857e-01 4.588950000000004414e-01 4.820200000000004481e-01
2.098610000000001030e-01 3.949719999999997677e-01 4.573800000000005639e-01 4.819180000000005126e-01
2.071829999999998118e-01 3.918349999999995448e-01 4.571060000000007340e-01 4.812290000000007395e-01
2.036139999999996564e-01 3.897229999999994310e-01 4.550110000000006094e-01 4.818000000000008942e-01
2.006139999999996815e-01 3.876929999999997878e-01 4.546500000000002761e-01 4.804640000000003908e-01
1.970389999999996589e-01 3.863889999999992053e-01 4.541770000000006635e-01 4.790790000000018090e-01
1.945220000000004168e-01 3.842689999999995276e-01 4.540480000000002847e-01 4.789590000000005787e-01
1.918390000000000650e-01 3.816399999999994241e-01 4.528590000000009552e-01 4.797570000000007662e-01
1.884209999999998941e-01 3.791409999999998948e-01 4.523649999999999061e-01 4.785490000000010569e-01
1.862920000000000964e-01 3.776809999999996559e-01 4.508310000000005924e-01 4.790500000000004754e-01
1.835699999999999277e-01 3.765269999999998340e-01 4.500040000000000706e-01 4.778630000000007039e-01
1.825450000000000128e-01 3.743740000000000401e-01 4.496740000000002402e-01 4.783590000000001452e-01
1.794120000000002102e-01 3.726560000000000983e-01 4.487839999999994056e-01 4.780980000000005781e-01
1.772929999999999784e-01 3.701850000000000418e-01 4.490340000000004328e-01 4.769340000000005797e-01
1.751450000000002449e-01 3.678370000000003026e-01 4.485260000000005909e-01 4.769570000000001864e-01
1.727770000000003747e-01 3.662110000000006194e-01 4.476830000000002752e-01 4.767190000000003924e-01
1.705020000000005143e-01 3.627369999999995320e-01 4.464829999999999077e-01 4.770310000000002604e-01
1.687070000000000514e-01 3.625130000000008068e-01 4.462229999999997032e-01 4.766100000000008663e-01
1.666350000000003384e-01 3.606350000000007050e-01 4.454940000000003342e-01 4.765850000000009801e-01
1.655900000000001537e-01 3.590150000000000841e-01 4.442219999999997837e-01 4.769160000000006172e-01
1.635640000000002647e-01 3.559050000000005820e-01 4.440380000000003768e-01 4.756120000000008674e-01
1.623690000000002076e-01 3.551810000000009682e-01 4.420450000000003543e-01 4.754990000000012262e-01
