3.855299999999994287e-01 4.604140000000006006e-01 4.864300000000009727e-01 4.954920000000001545e-01
3.448010000000006903e-01 4.463449999999998807e-01 4.811480000000006862e-01 4.939520000000004463e-01
3.178789999999999116e-01 4.387739999999999974e-01 4.769660000000007227e-01 4.910560000000002701e-01
2.957289999999995755e-01 4.297210000000002417e-01 4.743720000000007375e-01 4.895840000000005188e-01
2.781289999999997375e-01 4.237439999999998430e-01 4.713040000000008889e-01 4.885159999999999503e-01
2.641809999999994441e-01 4.190879999999996830e-01 4.683140000000005632e-01 4.872690000000009514e-01
2.512170000000001346e-01 4.143170000000001019e-01 4.648940000000006401e-01 4.849870000000008341e-01
2.410749999999999560e-01 4.096789999999990162e-01 4.639780000000005566e-01 4.850650000000006346e-01
2.319850000000004964e-01 4.057509999999996952e-01 4.621940000000007709e-01 4.834880000000003064e-01
2.236810000000002130e-01 4.013939999999993624e-01 4.595690000000006159e-01 4.831570000000012799e-01
2.162960000000003769e-01 3.973599999999991583e-01 4.581820000000006998e-01 4.822360000000002755e-01
2.094700000000000450e-01 3.941909999999990144e-01 4.567830000000008828e-01 4.813610000000007050e-01
2.034819999999996354e-01 3.900119999999994147e-01 4.550700000000003076e-01 4.813020000000008958e-01
1.980819999999999803e-01 3.857219999999996762e-01 4.529370000000013663e-01 4.812620000000008558e-01
1.930310000000000914e-01 3.826369999999996163e-01 4.530960000000004984e-01 4.793760000000013566e-01
1.876959999999998630e-01 3.790079999999997340e-01 4.507719999999997840e-01 4.782270000000009014e-01
1.831700000000001938e-01 3.756729999999999792e-01 4.494479999999995146e-01 4.783190000000006048e-01
1.795240000000003777e-01 3.724600000000004019e-01 4.486499999999999377e-01 4.780220000000003355e-01
1.753680000000001904e-01 3.684670000000002665e-01 4.476500000000001034e-01 4.767820000000008163e-01
1.714860000000003604e-01 3.641980000000009099e-01 4.463349999999999262e-01 4.777950000000005804e-01
1.683190000000002740e-01 3.620370000000008304e-01 4.452340000000001297e-01 4.759130000000005856e-01
1.650420000000002996e-01 3.574830000000006058e-01 4.447069999999997969e-01 4.763400000000009848e-01
1.616490000000004867e-01 3.541830000000005807e-01 4.435800000000004184e-01 4.756490000000004881e-01
1.594280000000003750e-01 3.521300000000007202e-01 4.424470000000008674e-01 4.754970000000005026e-01
1.566500000000003723e-01 3.491650000000005027e-01 4.425390000000003488e-01 4.748880000000005874e-01
1.533680000000002264e-01 3.446780000000007615e-01 4.400329999999997854e-01 4.743040000000006140e-01
1.511890000000001288e-01 3.432950000000008495e-01 4.401029999999994669e-01 4.744400000000008610e-01
1.484860000000000901e-01 3.384610000000005114e-01 4.390229999999988308e-01 4.734770000000002033e-01
1.469420000000001836e-01 3.361489999999999756e-01 4.370999999999996000e-01 4.727390000000011305e-01
1.440430000000002542e-01 3.336750000000003324e-01 4.362430000000007135e-01 4.729870000000010455e-01
1.421700000000002129e-01 3.307090000000001973e-01 4.362269999999999204e-01 4.722870000000006230e-01
1.411130000000000440e-01 3.280940000000004964e-01 4.344080000000005159e-01 4.724930000000003849e-01
1.384550000000002445e-01 3.246850000000005010e-01 4.348419999999999508e-01 4.714130000000005261e-01
1.368640000000000412e-01 3.229899999999999438e-01 4.339520000000001709e-01 4.710850000000001425e-01
1.350440000000002472e-01 3.193800000000002193e-01 4.328960000000001140e-01 4.703180000000008465e-01
1.337020000000001541e-01 3.167830000000004254e-01 4.317890000000003670e-01 4.702009999999995360e-01
1.321300000000003028e-01 3.151240000000005703e-01 4.307170000000002386e-01 4.701010000000004907e-01
1.304520000000001234e-01 3.126299999999998525e-01 4.303480000000002859e-01 4.698300000000013021e-01
1.286149999999999793e-01 3.093799999999999883e-01 4.296689999999994680e-01 4.697930000000002937e-01
1.274150000000001393e-01 3.076579999999998205e-01 4.287689999999997337e-01 4.694910000000005468e-01
1.260149999999999326e-01 3.043419999999997239e-01 4.278439999999997800e-01 4.683050000000005819e-01
