4.274349999999996763e-01 4.749590000000016854e-01 4.905870000000009945e-01 4.974919999999998788e-01
3.995089999999995589e-01 4.644510000000007799e-01 4.882619999999997518e-01 4.954989999999999117e-01
3.786409999999996723e-01 4.575650000000008322e-01 4.850010000000006261e-01 4.955700000000002881e-01
3.610430000000010020e-01 4.532530000000007386e-01 4.829890000000008898e-01 4.942890000000003115e-01
3.465500000000003578e-01 4.474440000000007300e-01 4.815780000000003946e-01 4.928720000000004209e-01
3.346990000000004684e-01 4.440030000000002031e-01 4.796590000000003906e-01 4.924530000000003627e-01
3.241459999999998787e-01 4.405589999999999229e-01 4.781700000000002060e-01 4.917220000000006586e-01
3.154160000000003627e-01 4.379929999999997992e-01 4.771370000000012546e-01 4.904960000000010978e-01
3.054019999999998403e-01 4.337920000000000664e-01 4.761650000000002825e-01 4.912650000000003958e-01
2.978729999999999434e-01 4.316379999999999661e-01 4.728770000000011575e-01 4.905690000000004769e-01
2.905359999999996279e-01 4.297299999999995013e-01 4.727950000000006869e-01 4.886110000000003506e-01
2.841519999999995716e-01 4.278470000000002549e-01 4.718720000000004577e-01 4.881220000000008885e-01
2.777019999999998934e-01 4.243449999999995836e-01 4.705860000000002819e-01 4.876020000000005905e-01
2.725529999999998787e-01 4.225120000000004428e-01 4.696280000000009891e-01 4.887639999999998097e-01
2.664459999999992945e-01 4.201449999999997686e-01 4.686560000000006276e-01 4.871840000000003945e-01
2.619849999999993018e-01 4.185020000000000961e-01 4.675580000000006953e-01 4.862230000000004604e-01
2.553710000000000147e-01 4.160049999999995141e-01 4.667690000000010442e-01 4.862740000000004281e-01
2.522410000000000485e-01 4.149519999999995989e-01 4.654890000000002082e-01 4.851370000000007066e-01
2.474750000000001948e-01 4.133249999999997204e-01 4.647070000000008139e-01 4.862770000000008475e-01
2.426680000000003001e-01 4.111409999999992015e-01 4.647780000000009681e-01 4.859660000000005642e-01
2.388270000000006776e-01 4.104599999999992699e-01 4.636530000000009255e-01 4.852970000000004225e-01
2.361720000000003539e-01 4.082079999999992381e-01 4.630900000000006123e-01 4.843299999999999272e-01
2.326700000000000712e-01 4.063389999999995617e-01 4.627070000000001460e-01 4.842380000000002238e-01
2.286960000000002047e-01 4.043409999999994509e-01 4.613880000000009085e-01 4.827550000000005448e-01
2.256540000000002710e-01 4.025169999999985704e-01 4.593160000000006127e-01 4.841840000000000588e-01
2.230060000000003151e-01 4.011259999999992054e-01 4.595760000000008172e-01 4.826380000000000114e-01
2.200170000000004344e-01 3.997779999999993006e-01 4.591320000000008172e-01 4.831270000000008058e-01
2.170270000000004695e-01 3.984189999999993015e-01 4.587450000000004025e-01 4.821740000000003246e-01
2.137930000000000386e-01 3.949409999999994314e-01 4.575740000000003138e-01 4.823880000000010382e-01
2.111490000000000589e-01 3.947279999999991906e-01 4.578080000000006589e-01 4.822110000000007779e-01
2.088440000000000574e-01 3.934289999999994736e-01 4.573070000000001856e-01 4.810860000000005687e-01
2.064099999999998714e-01 3.916109999999992097e-01 4.556390000000007934e-01 4.812660000000004712e-01
2.040039999999999354e-01 3.901999999999992141e-01 4.558299999999999574e-01 4.802300000000006008e-01
2.025569999999997650e-01 3.897429999999998951e-01 4.547349999999998338e-01 4.805320000000007363e-01
1.997160000000001434e-01 3.879219999999993229e-01 4.541500000000001647e-01 4.804009999999999669e-01
1.976329999999997811e-01 3.856969999999994014e-01 4.537380000000000302e-01 4.794100000000003359e-01
1.956069999999997810e-01 3.839649999999991681e-01 4.534870000000005841e-01 4.794260000000007405e-01
1.939720000000001998e-01 3.838769999999992466e-01 4.526520000000000543e-01 4.806580000000008068e-01
1.922789999999999222e-01 3.826309999999989997e-01 4.526020000000005039e-01 4.787020000000003495e-01
1.896429999999998950e-01 3.807499999999994222e-01 4.519420000000004545e-01 4.798470000000008562e-01
1.876069999999998572e-01 3.794199999999999795e-01 4.517420000000003655e-01 4.786320000000014452e-01
