4.422220000000001705e-01 4.792130000000005552e-01 4.928530000000009292e-01 4.969169999999996090e-01
4.173560000000000048e-01 4.718450000000009026e-01 4.909240000000006376e-01 4.973629999999999440e-01
4.005889999999992512e-01 4.653740000000005095e-01 4.888090000000003266e-01 4.951730000000010290e-01
3.859739999999997062e-01 4.605560000000010756e-01 4.860870000000008240e-01 4.949159999999997450e-01
3.745940000000003156e-01 4.575010000000000465e-01 4.855270000000008190e-01 4.951490000000002834e-01
3.642960000000005638e-01 4.532689999999996444e-01 4.843659999999996857e-01 4.938850000000010732e-01
3.539880000000006910e-01 4.497710000000006425e-01 4.817560000000006282e-01 4.935980000000008139e-01
3.445510000000004402e-01 4.479690000000006167e-01 4.810020000000005957e-01 4.927929999999999811e-01
3.370539999999999092e-01 4.444580000000002418e-01 4.801260000000013295e-01 4.924200000000003019e-01
3.302800000000000180e-01 4.421619999999999995e-01 4.792910000000004667e-01 4.924790000000006662e-01
3.230200000000000848e-01 4.401769999999999294e-01 4.775280000000002856e-01 4.920089999999998631e-01
3.179729999999995615e-01 4.380219999999996894e-01 4.767020000000010693e-01 4.915640000000003895e-01
3.111950000000000549e-01 4.365410000000003454e-01 4.758720000000002393e-01 4.908510000000002593e-01
3.064530000000001420e-01 4.341719999999997248e-01 4.757980000000012200e-01 4.909250000000003333e-01
3.014559999999998352e-01 4.326210000000005884e-01 4.734110000000014140e-01 4.898070000000006585e-01
2.956389999999998186e-01 4.303479999999997307e-01 4.744810000000004857e-01 4.900900000000007473e-01
2.915759999999998908e-01 4.290479999999995964e-01 4.729390000000010530e-01 4.887890000000003066e-01
2.862109999999994936e-01 4.280719999999998970e-01 4.718820000000003012e-01 4.889410000000015688e-01
2.832839999999999803e-01 4.268030000000000435e-01 4.709320000000009054e-01 4.884070000000004796e-01
2.794079999999994346e-01 4.245350000000001622e-01 4.710190000000007426e-01 4.868290000000007889e-01
2.752729999999994348e-01 4.240220000000000655e-01 4.704110000000006342e-01 4.868650000000003253e-01
2.717269999999992747e-01 4.217399999999995042e-01 4.695470000000003807e-01 4.877030000000004417e-01
2.678479999999997530e-01 4.207029999999994940e-01 4.691570000000005458e-01 4.885140000000003369e-01
2.642929999999995005e-01 4.198749999999993321e-01 4.680560000000008603e-01 4.878600000000007930e-01
2.608219999999995542e-01 4.178029999999993138e-01 4.673950000000008376e-01 4.865820000000002921e-01
2.579659999999995845e-01 4.166659999999997588e-01 4.674250000000005900e-01 4.861200000000013288e-01
2.545929999999999027e-01 4.151039999999993624e-01 4.662920000000007059e-01 4.860690000000010280e-01
2.516380000000003059e-01 4.146349999999996983e-01 4.655230000000013524e-01 4.858750000000010560e-01
2.481539999999999579e-01 4.130859999999990095e-01 4.649490000000008338e-01 4.858680000000004662e-01
2.462860000000000882e-01 4.118569999999995845e-01 4.642860000000003096e-01 4.852130000000006715e-01
2.438570000000006843e-01 4.108130000000000392e-01 4.642190000000006589e-01 4.850140000000005003e-01
2.413660000000004968e-01 4.098569999999995273e-01 4.633780000000009558e-01 4.842010000000010472e-01
2.393240000000000922e-01 4.089469999999994498e-01 4.628560000000002117e-01 4.843960000000006039e-01
2.365340000000003551e-01 4.073399999999997023e-01 4.626380000000007708e-01 4.846180000000007149e-01
2.347500000000003473e-01 4.067529999999991430e-01 4.626469999999999749e-01 4.851520000000009714e-01
2.327300000000003810e-01 4.054049999999988496e-01 4.621810000000016183e-01 4.839870000000005557e-01
2.297780000000002043e-01 4.046869999999998524e-01 4.618840000000002943e-01 4.845320000000010174e-01
2.282000000000004303e-01 4.035879999999996692e-01 4.616210000000007252e-01 4.841150000000011833e-01
2.257660000000003553e-01 4.021699999999996389e-01 4.604450000000000487e-01 4.831220000000005510e-01
2.230230000000005819e-01 4.018669999999988085e-01 4.600960000000000605e-01 4.825520000000012577e-01
2.211280000000003798e-01 4.001669999999993288e-01 4.593180000000000596e-01 4.823730000000002738e-01
