9.861465806469894568e-01 9.299925457578422927e-01 8.488199313911306554e-01 6.308753439900894877e-01
9.389659409838010395e-01 9.040064760350624562e-01 8.329171186925432568e-01 6.201202769714456720e-01
9.113253283093945001e-01 8.843207736517531004e-01 8.175090803525829619e-01 6.112663306972527799e-01
8.997197776051519824e-01 8.752419512973065308e-01 8.077718895082269812e-01 6.048133414485062920e-01
8.862193702783982552e-01 8.627933181059946888e-01 7.971250049782135916e-01 5.982013146353212241e-01
8.760542199080840753e-01 8.530631707010974951e-01 7.878330556446030419e-01 5.923686590385909279e-01
8.643486308592056577e-01 8.420664104570440012e-01 7.779949386972254688e-01 5.857928729180693628e-01
8.563884891895223728e-01 8.343269509760106173e-01 7.696891460544932340e-01 5.803417138892927873e-01
8.476361881590415148e-01 8.253370487599130945e-01 7.616505809504319213e-01 5.749458647944127865e-01
8.409091707869517096e-01 8.181088914962614256e-01 7.544164792804008979e-01 5.697537335568398920e-01
8.340787350711466042e-01 8.107278128347746859e-01 7.473636480280649863e-01 5.651913782281539067e-01
8.264019427555956421e-01 8.035987169148356424e-01 7.407147159380829127e-01 5.605677635156771643e-01
8.219511506718187865e-01 7.983623219911060165e-01 7.351006992122566253e-01 5.563582758145179108e-01
8.154740498983977792e-01 7.920770832704880915e-01 7.291066875506672096e-01 5.521004082800126112e-01
8.100350583426808582e-01 7.865676469706792684e-01 7.234300034444861582e-01 5.478432428854740355e-01
8.045076218071350871e-01 7.809483962095966625e-01 7.180533354150615555e-01 5.439566683428066485e-01
8.012275865609601588e-01 7.769910561458093223e-01 7.138123021082080077e-01 5.405858720079446122e-01
7.964751275808397146e-01 7.723793284717588303e-01 7.091528409611975725e-01 5.369279917924379975e-01
7.919485751313016797e-01 7.675131354287073604e-01 7.043968187883142829e-01 5.331862607786953534e-01
7.886307919070898453e-01 7.641997571167150616e-01 7.006920637818458975e-01 5.303759319027809838e-01
7.846760500083910239e-01 7.599543598501953268e-01 6.966884080322558459e-01 5.270632218899866661e-01
7.805848948930158571e-01 7.559303055770731916e-01 6.927387046902075962e-01 5.239400047265281302e-01
7.783863877876980863e-01 7.529997098621008522e-01 6.893610641895435709e-01 5.211223096133932309e-01
7.746866076309588678e-01 7.494702559803395614e-01 6.858794890768397101e-01 5.179527988648486847e-01
7.701314215497191418e-01 7.453152375888117964e-01 6.819547816026642062e-01 5.149323639811176356e-01
7.679794707132747700e-01 7.427402641173601605e-01 6.792514846577863974e-01 5.126333127768053499e-01
7.649788847190012175e-01 7.397584814191600078e-01 6.760690897741913341e-01 5.098262632279968454e-01
7.621971363979958003e-01 7.368093567916411679e-01 6.733985706071650146e-01 5.075164519234975913e-01
7.594626649885367620e-01 7.341990825717197300e-01 6.704016028293048324e-01 5.049167185175830186e-01
7.575958246190167555e-01 7.319069481812517930e-01 6.679704094663361236e-01 5.026122160411374828e-01
7.547112552415504716e-01 7.291381706145287911e-01 6.651807730422317766e-01 5.002080530463079988e-01
7.525406441794181278e-01 7.267218271885114156e-01 6.626598773192701186e-01 4.977417367276685822e-01
7.506937011356534795e-01 7.246320771913666858e-01 6.605605708797112063e-01 4.958031779064083766e-01
7.482055062776178378e-01 7.221702085710114405e-01 6.581351125833097004e-01 4.935001228114230809e-01
7.458658151239178080e-01 7.198707648057748321e-01 6.557329832971870998e-01 4.914167879537184036e-01
7.442560227208157020e-01 7.179068316282510853e-01 6.536627900333050745e-01 4.893755062976727355e-01
7.423771141529873496e-01 7.158775992341234184e-01 6.514427244458462773e-01 4.872725364217571076e-01
7.406774861704148449e-01 7.143296186896163080e-01 6.497479282088767238e-01 4.856839639577592016e-01
7.390078024368657017e-01 7.126074394800286926e-01 6.479804605815441265e-01 4.838588688177936081e-01
7.369541780374584405e-01 7.104808495111001321e-01 6.460541897830939240e-01 4.816866129628828985e-01
7.346902382403344145e-01 7.081729665495049009e-01 6.437306105566169556e-01 4.797851571554253569e-01
