1.057694908924116550e+00 8.758048966673643854e-01 6.773394833914910818e-01 0.000000000000000000e+00
8.735370738962916493e-01 7.755255920186949758e-01 6.553711983369454597e-01 0.000000000000000000e+00
8.297473518941639314e-01 7.638877873754442716e-01 6.623295007742653340e-01 0.000000000000000000e+00
8.043228823204525701e-01 7.431939884966631826e-01 6.477248745837722588e-01 0.000000000000000000e+00
7.903209665324285593e-01 7.418586938306102052e-01 6.564037917857412641e-01 0.000000000000000000e+00
7.569581347875420363e-01 7.131663986547995826e-01 6.295036797760381608e-01 0.000000000000000000e+00
7.655991336470435726e-01 7.216464533533961667e-01 6.383911927784260421e-01 0.000000000000000000e+00
7.443622746026221648e-01 7.045122686166882531e-01 6.276362528488454995e-01 0.000000000000000000e+00
7.526952951944185788e-01 7.170566137836287268e-01 6.334478966020095081e-01 0.000000000000000000e+00
7.386771041819057970e-01 7.025888087171794361e-01 6.261668498760272206e-01 0.000000000000000000e+00
7.351180598541853239e-01 6.997835554980522677e-01 6.229070547433390725e-01 0.000000000000000000e+00
7.312576230984818570e-01 6.969273896674966773e-01 6.228141478705442324e-01 0.000000000000000000e+00
7.269701500313884290e-01 6.940688828484904427e-01 6.198207577342703667e-01 0.000000000000000000e+00
7.202841411292495444e-01 6.865254391367479059e-01 6.155320056323109190e-01 0.000000000000000000e+00
7.115951171823786670e-01 6.792863425025678081e-01 6.089408972177715595e-01 0.000000000000000000e+00
7.111203167570299133e-01 6.787782310025174404e-01 6.084062073355515077e-01 0.000000000000000000e+00
7.039102113234505520e-01 6.725081209160927997e-01 6.029382127137390412e-01 0.000000000000000000e+00
6.983365642891302683e-01 6.689668883128893073e-01 6.003835709057070424e-01 0.000000000000000000e+00
6.984731766048664081e-01 6.694977826708904400e-01 6.008646829407480183e-01 0.000000000000000000e+00
6.920147243223497835e-01 6.636646183880279271e-01 5.981529535978588052e-01 0.000000000000000000e+00
6.902481061108548532e-01 6.613323086749073321e-01 5.947473555535589540e-01 0.000000000000000000e+00
6.883469803844768364e-01 6.595761602032860216e-01 5.916535252739104633e-01 0.000000000000000000e+00
6.883275566892703701e-01 6.585334179664943388e-01 5.919199054004474769e-01 0.000000000000000000e+00
6.807140080817428718e-01 6.532770722669164476e-01 5.880980556152080041e-01 0.000000000000000000e+00
6.808648430677247676e-01 6.516985985092688116e-01 5.872555402184933548e-01 0.000000000000000000e+00
6.806110162832403887e-01 6.518200262595260641e-01 5.857223970344189734e-01 0.000000000000000000e+00
6.733238689487633932e-01 6.445040124325038811e-01 5.810246185362003546e-01 0.000000000000000000e+00
6.713382133911395266e-01 6.445074176179752534e-01 5.801521155710436251e-01 0.000000000000000000e+00
6.699121164557055863e-01 6.420263861438484376e-01 5.780981536107094865e-01 0.000000000000000000e+00
6.669931371063078096e-01 6.398340689225003874e-01 5.758500609749706012e-01 0.000000000000000000e+00
6.656781069973117804e-01 6.377203552412423759e-01 5.759223400699370332e-01 0.000000000000000000e+00
6.607054467095773154e-01 6.341414736467217983e-01 5.708689332109028181e-01 0.000000000000000000e+00
6.609099850054497294e-01 6.334927746097921419e-01 5.709216271482545624e-01 0.000000000000000000e+00
6.570815129462082016e-01 6.295103206254298867e-01 5.684588077865292410e-01 0.000000000000000000e+00
6.569868717258198210e-01 6.314773671108446784e-01 5.687819640898365003e-01 0.000000000000000000e+00
6.581537191777495632e-01 6.306307071314622981e-01 5.677808776745032482e-01 0.000000000000000000e+00
6.563676798938371526e-01 6.300430012949401748e-01 5.667718913240041845e-01 0.000000000000000000e+00
6.567214711683441175e-01 6.284369527580370152e-01 5.650733543021486671e-01 0.000000000000000000e+00
6.520866358801228335e-01 6.260574709651689496e-01 5.642154396147901485e-01 0.000000000000000000e+00
6.513177924357336224e-01 6.239999309670886118e-01 5.627870761027612412e-01 0.000000000000000000e+00
6.476975873533619144e-01 6.222664663272855501e-01 5.608927660876806831e-01 0.000000000000000000e+00
