3.885680437088012695e-02 5.229651927947998047e-03 1.244008541107177734e-03 7.479786872863769531e-04
7.137322425842285156e-02 9.031713008880615234e-03 1.714706420898437500e-03 8.656978607177734375e-04
9.871417284011840820e-02 1.160347461700439453e-02 2.250611782073974609e-03 9.479522705078125000e-04
1.246362328529357910e-01 1.499909162521362305e-02 2.643465995788574219e-03 1.054942607879638672e-03
1.478464603424072266e-01 1.751488447189331055e-02 3.082752227783203125e-03 1.084029674530029297e-03
1.677127480506896973e-01 1.969653367996215820e-02 3.653824329376220703e-03 1.103222370147705078e-03
1.875279545783996582e-01 2.201861143112182617e-02 4.297673702239990234e-03 1.394808292388916016e-03
2.038969397544860840e-01 2.442216873168945312e-02 4.497945308685302734e-03 1.352608203887939453e-03
2.192940115928649902e-01 2.655720710754394531e-02 4.817724227905273438e-03 1.479268074035644531e-03
2.339166998863220215e-01 2.888715267181396484e-02 5.414068698883056641e-03 1.562356948852539062e-03
2.474194169044494629e-01 3.139424324035644531e-02 5.755305290222167969e-03 1.615107059478759766e-03
2.602207660675048828e-01 3.321492671966552734e-02 6.147563457489013672e-03 1.689136028289794922e-03
2.718623280525207520e-01 3.590214252471923828e-02 6.563901901245117188e-03 1.740276813507080078e-03
2.826605439186096191e-01 3.868257999420166016e-02 7.127821445465087891e-03 1.725614070892333984e-03
2.928570508956909180e-01 4.078477621078491211e-02 7.060408592224121094e-03 1.896858215332031250e-03
3.040893077850341797e-01 4.334527254104614258e-02 7.757663726806640625e-03 2.092242240905761719e-03
3.137716650962829590e-01 4.582369327545166016e-02 8.118331432342529297e-03 2.082347869873046875e-03
3.217540979385375977e-01 4.818987846374511719e-02 8.347570896148681641e-03 2.114951610565185547e-03
3.308969736099243164e-01 5.114746093750000000e-02 8.652150630950927734e-03 2.270162105560302734e-03
3.396227955818176270e-01 5.458283424377441406e-02 9.033977985382080078e-03 2.080440521240234375e-03
3.468671441078186035e-01 5.636972188949584961e-02 9.462594985961914062e-03 2.394139766693115234e-03
3.544353842735290527e-01 6.013035774230957031e-02 9.530425071716308594e-03 2.304553985595703125e-03
3.625298142433166504e-01 6.301563978195190430e-02 9.985446929931640625e-03 2.457559108734130859e-03
3.677581548690795898e-01 6.476420164108276367e-02 1.028233766555786133e-02 2.437293529510498047e-03
3.744976520538330078e-01 6.739509105682373047e-02 1.026284694671630859e-02 2.492547035217285156e-03
3.824814558029174805e-01 7.146185636520385742e-02 1.109546422958374023e-02 2.627968788146972656e-03
3.879145979881286621e-01 7.273334264755249023e-02 1.107501983642578125e-02 2.588987350463867188e-03
3.946790695190429688e-01 7.737344503402709961e-02 1.147818565368652344e-02 2.745985984802246094e-03
3.986160755157470703e-01 7.963079214096069336e-02 1.213049888610839844e-02 2.831280231475830078e-03
4.060051441192626953e-01 8.205860853195190430e-02 1.247191429138183594e-02 2.876758575439453125e-03
4.108290672302246094e-01 8.502507209777832031e-02 1.249808073043823242e-02 2.970635890960693359e-03
4.136273264884948730e-01 8.774632215499877930e-02 1.316517591476440430e-02 2.940237522125244141e-03
4.205456972122192383e-01 9.129112958908081055e-02 1.297050714492797852e-02 3.091454505920410156e-03
4.247272014617919922e-01 9.314286708831787109e-02 1.331973075866699219e-02 3.138482570648193359e-03
4.295665025711059570e-01 9.703248739242553711e-02 1.377123594284057617e-02 3.274381160736083984e-03
4.332261085510253906e-01 9.992247819900512695e-02 1.419001817703247070e-02 3.216803073883056641e-03
4.374812841415405273e-01 1.017518043518066406e-01 1.468169689178466797e-02 3.250956535339355469e-03
4.420638680458068848e-01 1.045683026313781738e-01 1.477223634719848633e-02 3.343582153320312500e-03
4.470753669738769531e-01 1.082739233970642090e-01 1.502221822738647461e-02 3.361701965332031250e-03
4.504168629646301270e-01 1.101911664009094238e-01 1.542520523071289062e-02 3.422260284423828125e-03
4.543294310569763184e-01 1.141911149024963379e-01 1.586693525314331055e-02 3.646492958068847656e-03
