1.030904054641723633e-02 1.975297927856445312e-03 8.952021598815917969e-04 7.469654083251953125e-04
2.050971984863281250e-02 3.043532371520996094e-03 9.179711341857910156e-04 7.770061492919921875e-04
2.943533658981323242e-02 4.191339015960693359e-03 1.046717166900634766e-03 8.071064949035644531e-04
3.855180740356445312e-02 5.269587039947509766e-03 1.339018344879150391e-03 8.186697959899902344e-04
4.658883810043334961e-02 5.981147289276123047e-03 1.319050788879394531e-03 7.764697074890136719e-04
5.451989173889160156e-02 7.019937038421630859e-03 1.474022865295410156e-03 7.660388946533203125e-04
6.312197446823120117e-02 7.919371128082275391e-03 1.683235168457031250e-03 8.592009544372558594e-04
7.157868146896362305e-02 8.586287498474121094e-03 1.724064350128173828e-03 8.770823478698730469e-04
7.874459028244018555e-02 9.594917297363281250e-03 1.839816570281982422e-03 8.730888366699218750e-04
8.549338579177856445e-02 1.041173934936523438e-02 1.910507678985595703e-03 8.970499038696289062e-04
9.306758642196655273e-02 1.103299856185913086e-02 2.215147018432617188e-03 8.616447448730468750e-04
9.854990243911743164e-02 1.184046268463134766e-02 2.291023731231689453e-03 9.763240814208984375e-04
1.061899065971374512e-01 1.236051321029663086e-02 2.423524856567382812e-03 9.564757347106933594e-04
1.115967631340026855e-01 1.326411962509155273e-02 2.436399459838867188e-03 9.987354278564453125e-04
1.176954507827758789e-01 1.390123367309570312e-02 2.748668193817138672e-03 1.017153263092041016e-03
1.248108744621276855e-01 1.479274034500122070e-02 2.602696418762207031e-03 1.010298728942871094e-03
1.300151348114013672e-01 1.531267166137695312e-02 2.817392349243164062e-03 1.116335391998291016e-03
1.369809508323669434e-01 1.568710803985595703e-02 2.978742122650146484e-03 1.057386398315429688e-03
1.408479213714599609e-01 1.623135805130004883e-02 3.191649913787841797e-03 1.133084297180175781e-03
1.461057066917419434e-01 1.721912622451782227e-02 3.069758415222167969e-03 1.179277896881103516e-03
1.517921090126037598e-01 1.741981506347656250e-02 3.283023834228515625e-03 1.254439353942871094e-03
1.567687988281250000e-01 1.844108104705810547e-02 3.363013267517089844e-03 1.151800155639648438e-03
1.623914241790771484e-01 1.892906427383422852e-02 3.466486930847167969e-03 1.101970672607421875e-03
1.675683856010437012e-01 1.936173439025878906e-02 3.677129745483398438e-03 1.069605350494384766e-03
1.727521419525146484e-01 2.030289173126220703e-02 3.769159317016601562e-03 1.275122165679931641e-03
1.770338416099548340e-01 2.080857753753662109e-02 3.767132759094238281e-03 1.323640346527099609e-03
1.822885870933532715e-01 2.163189649581909180e-02 4.025161266326904297e-03 1.238465309143066406e-03
1.868332028388977051e-01 2.182739973068237305e-02 4.115641117095947266e-03 1.347184181213378906e-03
1.923471093177795410e-01 2.261543273925781250e-02 4.280388355255126953e-03 1.283884048461914062e-03
1.953750848770141602e-01 2.324920892715454102e-02 4.414141178131103516e-03 1.411378383636474609e-03
1.993591189384460449e-01 2.379196882247924805e-02 4.416286945343017578e-03 1.350045204162597656e-03
2.034054994583129883e-01 2.424639463424682617e-02 4.511415958404541016e-03 1.393437385559082031e-03
2.068699598312377930e-01 2.477723360061645508e-02 4.682064056396484375e-03 1.427710056304931641e-03
2.114569544792175293e-01 2.560681104660034180e-02 4.805743694305419922e-03 1.380026340484619141e-03
2.144945263862609863e-01 2.594429254531860352e-02 4.722833633422851562e-03 1.307189464569091797e-03
2.179790735244750977e-01 2.666932344436645508e-02 4.823446273803710938e-03 1.475155353546142578e-03
2.230228781700134277e-01 2.709406614303588867e-02 4.926502704620361328e-03 1.446485519409179688e-03
2.258024811744689941e-01 2.775329351425170898e-02 5.013942718505859375e-03 1.438796520233154297e-03
2.301520705223083496e-01 2.851676940917968750e-02 5.261600017547607422e-03 1.442670822143554688e-03
2.351033091545104980e-01 2.872723340988159180e-02 5.328655242919921875e-03 1.594007015228271484e-03
2.384673357009887695e-01 2.967739105224609375e-02 5.495786666870117188e-03 1.672029495239257812e-03
