1.1406974867e-02 1.4041570248e-03 2.2006512154e-04 9.8469557997e-05
2.2283468395e-02 3.0248165131e-03 4.4597149827e-04 1.0684609151e-04
3.2752644271e-02 4.6132113785e-03 6.3844618853e-04 1.4327079407e-04
4.2652267963e-02 5.7935742661e-03 8.8637351291e-04 2.1581262990e-04
5.2138447762e-02 7.3286187835e-03 1.1894148774e-03 2.3947536829e-04
6.0769632459e-02 8.7737450376e-03 1.4367317781e-03 2.7936248807e-04
7.0030808449e-02 1.0243806057e-02 1.6641238471e-03 2.9296963476e-04
7.8252114356e-02 1.1521914974e-02 1.9231215119e-03 3.9577425923e-04
8.6628109217e-02 1.2988355011e-02 2.1892848890e-03 4.6373516670e-04
9.4226501882e-02 1.4518907294e-02 2.5382135063e-03 5.4547010222e-04
1.0196968913e-01 1.5940327197e-02 2.8867686633e-03 5.8542849729e-04
1.0913238674e-01 1.7230542377e-02 3.0544279143e-03 6.2301603612e-04
1.1594004929e-01 1.8578123301e-02 3.3514879178e-03 7.1331742220e-04
