2.309417724609375000e-02 3.418564796447753906e-03 9.006261825561523438e-04 7.555484771728515625e-04
4.293429851531982422e-02 5.954205989837646484e-03 1.288890838623046875e-03 7.884502410888671875e-04
6.117367744445800781e-02 7.719278335571289062e-03 1.561641693115234375e-03 8.183717727661132812e-04
7.865339517593383789e-02 9.548902511596679688e-03 1.900076866149902344e-03 8.834600448608398438e-04
9.371638298034667969e-02 1.135516166687011719e-02 2.217948436737060547e-03 9.380578994750976562e-04
1.090976595878601074e-01 1.240968704223632812e-02 2.449810504913330078e-03 9.383559226989746094e-04
1.224682331085205078e-01 1.408058404922485352e-02 2.602577209472656250e-03 1.009643077850341797e-03
1.360141634941101074e-01 1.560688018798828125e-02 3.080010414123535156e-03 1.099944114685058594e-03
1.484819650650024414e-01 1.726442575454711914e-02 3.295123577117919922e-03 1.196861267089843750e-03
1.601635217666625977e-01 1.853555440902709961e-02 3.555238246917724609e-03 1.175701618194580078e-03
1.700607538223266602e-01 1.986968517303466797e-02 3.690838813781738281e-03 1.198768615722656250e-03
1.824485063552856445e-01 2.145719528198242188e-02 3.831088542938232422e-03 1.252412796020507812e-03
1.918721795082092285e-01 2.254325151443481445e-02 4.343152046203613281e-03 1.326382160186767578e-03
2.001440525054931641e-01 2.335274219512939453e-02 4.362046718597412109e-03 1.316189765930175781e-03
2.108609080314636230e-01 2.531272172927856445e-02 4.640281200408935547e-03 1.345753669738769531e-03
2.191649079322814941e-01 2.629703283309936523e-02 4.693686962127685547e-03 1.441776752471923828e-03
2.272577285766601562e-01 2.758496999740600586e-02 5.147576332092285156e-03 1.536250114440917969e-03
2.357209920883178711e-01 2.954983711242675781e-02 5.485534667968750000e-03 1.538991928100585938e-03
2.443073391914367676e-01 3.059279918670654297e-02 5.614340305328369141e-03 1.608788967132568359e-03
2.495105266571044922e-01 3.159636259078979492e-02 5.578041076660156250e-03 1.659929752349853516e-03
2.595152258872985840e-01 3.279191255569458008e-02 5.983650684356689453e-03 1.604497432708740234e-03
2.646759748458862305e-01 3.477591276168823242e-02 6.065487861633300781e-03 1.709759235382080078e-03
2.715945839881896973e-01 3.608125448226928711e-02 6.633043289184570312e-03 1.667141914367675781e-03
2.775548696517944336e-01 3.737735748291015625e-02 6.662666797637939453e-03 1.803874969482421875e-03
2.846889495849609375e-01 3.822016716003417969e-02 6.789386272430419922e-03 1.981079578399658203e-03
2.899127006530761719e-01 3.978180885314941406e-02 6.801187992095947266e-03 1.968204975128173828e-03
2.954066395759582520e-01 4.148715734481811523e-02 7.140517234802246094e-03 1.919090747833251953e-03
3.025309443473815918e-01 4.329866170883178711e-02 7.292270660400390625e-03 2.066493034362792969e-03
3.070668578147888184e-01 4.434669017791748047e-02 7.753252983093261719e-03 2.002060413360595703e-03
3.129317164421081543e-01 4.521960020065307617e-02 7.905662059783935547e-03 2.097368240356445312e-03
3.150984048843383789e-01 4.677736759185791016e-02 8.045852184295654297e-03 2.133965492248535156e-03
3.219254016876220703e-01 4.799437522888183594e-02 8.319079875946044922e-03 2.177298069000244141e-03
3.265737295150756836e-01 4.996585845947265625e-02 8.211076259613037109e-03 2.235352993011474609e-03
3.313496708869934082e-01 5.172497034072875977e-02 8.407235145568847656e-03 2.228677272796630859e-03
3.367394804954528809e-01 5.298286676406860352e-02 8.655369281768798828e-03 2.300858497619628906e-03
3.418287038803100586e-01 5.577236413955688477e-02 8.947372436523437500e-03 2.208232879638671875e-03
3.459286689758300781e-01 5.592775344848632812e-02 9.058058261871337891e-03 2.299308776855468750e-03
3.507348299026489258e-01 5.753183364868164062e-02 9.338915348052978516e-03 2.313375473022460938e-03
3.532400727272033691e-01 5.893713235855102539e-02 9.769797325134277344e-03 2.261877059936523438e-03
3.579064607620239258e-01 6.147003173828125000e-02 9.729385375976562500e-03 2.400398254394531250e-03
3.607706427574157715e-01 6.209713220596313477e-02 1.041394472122192383e-02 2.433776855468750000e-03
