1.594370603561401367e-02 2.519309520721435547e-03 1.024901866912841797e-03 7.216334342956542969e-04
3.005284070968627930e-02 4.395425319671630859e-03 1.082658767700195312e-03 7.525682449340820312e-04
4.366511106491088867e-02 5.959153175354003906e-03 1.404941082000732422e-03 7.817149162292480469e-04
5.719780921936035156e-02 7.079243659973144531e-03 1.575946807861328125e-03 7.901191711425781250e-04
6.976407766342163086e-02 8.651614189147949219e-03 1.707017421722412109e-03 9.036660194396972656e-04
8.107715845108032227e-02 9.805083274841308594e-03 1.879870891571044922e-03 9.204149246215820312e-04
9.186589717864990234e-02 1.094007492065429688e-02 2.157509326934814453e-03 9.641647338867187500e-04
1.013845205307006836e-01 1.184225082397460938e-02 2.208352088928222656e-03 9.766817092895507812e-04
1.128978133201599121e-01 1.341545581817626953e-02 2.334296703338623047e-03 9.288787841796875000e-04
1.220789551734924316e-01 1.426118612289428711e-02 2.910554409027099609e-03 9.476542472839355469e-04
1.312950849533081055e-01 1.503497362136840820e-02 2.869665622711181641e-03 9.989142417907714844e-04
1.397070288658142090e-01 1.575779914855957031e-02 2.997279167175292969e-03 1.143753528594970703e-03
1.483839750289916992e-01 1.734793186187744141e-02 3.286540508270263672e-03 1.188755035400390625e-03
1.555744409561157227e-01 1.807606220245361328e-02 3.393709659576416016e-03 1.038193702697753906e-03
1.644115447998046875e-01 1.919698715209960938e-02 3.506422042846679688e-03 1.192331314086914062e-03
1.710205078125000000e-01 1.995247602462768555e-02 3.729224205017089844e-03 1.223921775817871094e-03
1.810527443885803223e-01 2.115005254745483398e-02 3.942966461181640625e-03 1.287698745727539062e-03
1.859022974967956543e-01 2.169245481491088867e-02 4.160284996032714844e-03 1.323819160461425781e-03
1.934961676597595215e-01 2.249050140380859375e-02 4.278182983398437500e-03 1.264154911041259766e-03
2.012617588043212891e-01 2.365344762802124023e-02 4.288911819458007812e-03 1.298129558563232422e-03
2.076044678688049316e-01 2.399808168411254883e-02 4.529356956481933594e-03 1.323819160461425781e-03
2.121133804321289062e-01 2.516853809356689453e-02 4.719257354736328125e-03 1.402497291564941406e-03
2.181022763252258301e-01 2.615278959274291992e-02 4.781842231750488281e-03 1.452207565307617188e-03
2.249763607978820801e-01 2.729207277297973633e-02 5.030691623687744141e-03 1.572430133819580078e-03
2.303295135498046875e-01 2.833825349807739258e-02 5.514264106750488281e-03 1.433014869689941406e-03
2.350672483444213867e-01 2.912223339080810547e-02 5.400836467742919922e-03 1.613378524780273438e-03
2.405676841735839844e-01 2.986735105514526367e-02 5.593776702880859375e-03 1.526951789855957031e-03
2.460134625434875488e-01 3.068739175796508789e-02 5.680501461029052734e-03 1.613974571228027344e-03
2.520684003829956055e-01 3.274941444396972656e-02 5.885958671569824219e-03 1.582682132720947266e-03
2.570566534996032715e-01 3.293824195861816406e-02 5.887866020202636719e-03 1.689374446868896484e-03
2.615022659301757812e-01 3.378164768218994141e-02 6.010293960571289062e-03 1.797199249267578125e-03
2.661344408988952637e-01 3.487324714660644531e-02 6.360948085784912109e-03 1.743733882904052734e-03
2.708688378334045410e-01 3.578865528106689453e-02 6.368219852447509766e-03 1.866459846496582031e-03
2.737518548965454102e-01 3.611540794372558594e-02 6.636202335357666016e-03 1.798331737518310547e-03
2.793517708778381348e-01 3.725272417068481445e-02 6.832897663116455078e-03 1.830279827117919922e-03
2.835872173309326172e-01 3.874242305755615234e-02 6.938338279724121094e-03 2.011060714721679688e-03
2.876339554786682129e-01 3.991478681564331055e-02 6.964802742004394531e-03 1.943111419677734375e-03
2.910615205764770508e-01 3.995716571807861328e-02 7.153749465942382812e-03 1.787722110748291016e-03
2.944940328598022461e-01 4.085564613342285156e-02 7.237732410430908203e-03 2.008318901062011719e-03
3.000287413597106934e-01 4.216772317886352539e-02 7.383286952972412109e-03 1.884818077087402344e-03
3.043382763862609863e-01 4.309767484664916992e-02 7.447421550750732422e-03 2.079427242279052734e-03
