1.1287193745e-02 1.5483039897e-03 2.5232732878e-04 8.1085861893e-05
2.2270135581e-02 2.9942030087e-03 4.3655812624e-04 1.1515378719e-04
3.2688982785e-02 4.4060046785e-03 6.5876333974e-04 1.5153198910e-04
4.2287569493e-02 6.0501205735e-03 9.0912164887e-04 1.5696704213e-04
5.1825121045e-02 7.4073821306e-03 1.1084511643e-03 2.6555001386e-04
6.0821205378e-02 8.7753077969e-03 1.4476999640e-03 2.7810304891e-04
6.9961294532e-02 1.0416536592e-02 1.6265698941e-03 3.6749511492e-04
7.8354008496e-02 1.1651170440e-02 1.9895944279e-03 4.1882961523e-04
8.5889510810e-02 1.3284258544e-02 2.1914581303e-03 4.3525279034e-04
9.4104640186e-02 1.4789103530e-02 2.5416633580e-03 5.1898567472e-04
1.0216471553e-01 1.5797613189e-02 2.9003974050e-03 5.8397860266e-04
1.0962398350e-01 1.7034837976e-02 3.1484472565e-03 6.4503517933e-04
1.1669791490e-01 1.8801840022e-02 3.5332336556e-03 7.6844781870e-04
