6.108965873718261719e-01
3.255974948406219482e-01
1.841394454240798950e-01
1.015729308128356934e-01
5.127567052841186523e-02
2.138942480087280273e-02
5.588531494140625000e-03
9.733438491821289062e-05
2.480387687683105469e-03
1.107460260391235352e-02
2.469408512115478516e-02
4.246282577514648438e-02
6.371599435806274414e-02
8.793652057647705078e-02
1.147146224975585938e-01
1.437197923660278320e-01
1.746821403503417969e-01
2.073773145675659180e-01
2.416181862354278564e-01
2.772460877895355225e-01
3.141255676746368408e-01
3.521400392055511475e-01
3.911886215209960938e-01
4.311833977699279785e-01
4.720469117164611816e-01
5.137109756469726562e-01
5.561153292655944824e-01
5.992059111595153809e-01
6.429347991943359375e-01
6.872585415840148926e-01
7.321381568908691406e-01
7.775384783744812012e-01
8.234270811080932617e-01
8.697748184204101562e-01
9.165557622909545898e-01
9.637447595596313477e-01
1.011319994926452637e+00
1.059260249137878418e+00
1.107547044754028320e+00
1.156162619590759277e+00
1.205090641975402832e+00
