1.195659875869750977e+00
8.665155172348022461e-01
6.812122464179992676e-01
5.548004508018493652e-01
4.606578946113586426e-01
3.869262039661407471e-01
3.272800147533416748e-01
2.779435217380523682e-01
2.364812195301055908e-01
2.012301683425903320e-01
1.710042953491210938e-01
1.449277400970458984e-01
1.223356723785400391e-01
1.027108430862426758e-01
8.564358949661254883e-02
7.080352306365966797e-02
5.792033672332763672e-02
4.677033424377441406e-02
3.716593980789184570e-02
2.894848585128784180e-02
2.198255062103271484e-02
1.615178585052490234e-02
1.135510206222534180e-02
7.504463195800781250e-03
4.522681236267089844e-03
2.341508865356445312e-03
9.005069732666015625e-04
1.459121704101562500e-04
2.944469451904296875e-05
5.078315734863281250e-04
1.542150974273681641e-03
3.096997737884521484e-03
5.140364170074462891e-03
7.643103599548339844e-03
1.057851314544677734e-02
1.392221450805664062e-02
1.765191555023193359e-02
2.174699306488037109e-02
2.618855237960815430e-02
3.095883131027221680e-02
3.604173660278320312e-02
