9.823204278945922852e-01
6.629799008369445801e-01
4.874803423881530762e-01
3.708724975585937500e-01
2.865338325500488281e-01
2.226062119007110596e-01
1.727638691663742065e-01
1.332313567399978638e-01
1.015729308128356934e-01
7.612574100494384766e-02
5.570387840270996094e-02
3.943127393722534180e-02
2.664303779602050781e-02
1.682209968566894531e-02
9.558796882629394531e-03
4.522681236267089844e-03
1.443505287170410156e-03
9.733438491821289062e-05
2.968907356262207031e-04
1.883327960968017578e-03
4.721403121948242188e-03
8.694469928741455078e-03
1.370173692703247070e-02
1.965504884719848633e-02
2.647715806961059570e-02
3.409993648529052734e-02
4.246288537979125977e-02
5.151212215423583984e-02
6.119960546493530273e-02
7.148194313049316406e-02
8.232021331787109375e-02
9.367901086807250977e-02
1.055262088775634766e-01
1.178328990936279297e-01
1.305721998214721680e-01
1.437197923660278320e-01
1.572534590959548950e-01
1.711524724960327148e-01
1.853979825973510742e-01
1.999721527099609375e-01
2.148588895797729492e-01
