8.119813203811645508e-01
5.046234130859375000e-01
3.411065042018890381e-01
2.364811897277832031e-01
1.641250848770141602e-01
1.121799945831298828e-01
7.432031631469726562e-02
4.677033424377441406e-02
2.709454298019409180e-02
1.362997293472290039e-02
5.190551280975341797e-03
9.005069732666015625e-04
9.489059448242187500e-05
2.256631851196289062e-03
6.975769996643066406e-03
1.392227411270141602e-02
2.282559871673583984e-02
3.346210718154907227e-02
4.564416408538818359e-02
5.921316146850585938e-02
7.403391599655151367e-02
8.998954296112060547e-02
1.069792509078979492e-01
1.249153167009353638e-01
1.437197923660278320e-01
1.633251905441284180e-01
1.836706399917602539e-01
2.047026157379150391e-01
2.263726294040679932e-01
2.486374676227569580e-01
2.714582383632659912e-01
2.947995960712432861e-01
3.186295032501220703e-01
3.429186344146728516e-01
3.676407039165496826e-01
3.927707970142364502e-01
4.182870388031005859e-01
4.441686272621154785e-01
4.703965783119201660e-01
4.969534277915954590e-01
5.238227844238281250e-01
