4.3738329411e-01 4.7851040959e-01 4.9254399538e-01 4.9678355455e-01
4.1246998310e-01 4.6805849671e-01 4.8877838254e-01 4.9599975348e-01
3.9399960637e-01 4.6040320396e-01 4.8613345623e-01 4.9481129646e-01
3.7911751866e-01 4.5554608107e-01 4.8314338923e-01 4.9306201935e-01
3.6648243666e-01 4.4987356663e-01 4.8029452562e-01 4.9263501167e-01
3.5599300265e-01 4.4515159726e-01 4.7819450498e-01 4.9152714014e-01
3.4555330873e-01 4.4067257643e-01 4.7649967670e-01 4.9111786485e-01
3.3689898252e-01 4.3706950545e-01 4.7457093000e-01 4.8947083950e-01
3.2855507731e-01 4.3316993117e-01 4.7286605835e-01 4.8837047815e-01
3.2134959102e-01 4.2934811115e-01 4.7081053257e-01 4.8725581169e-01
3.1432658434e-01 4.2599192262e-01 4.6883898973e-01 4.8657855392e-01
3.0807644129e-01 4.2307132483e-01 4.6783894300e-01 4.8613044620e-01
3.0233940482e-01 4.2008179426e-01 4.6626499295e-01 4.8510307074e-01
