4.3777802587e-01 4.7739002109e-01 4.9206829071e-01 4.9801510572e-01
4.1250592470e-01 4.6816486120e-01 4.8881644011e-01 4.9624949694e-01
3.9409199357e-01 4.6129006147e-01 4.8574846983e-01 4.9469298124e-01
3.7962856889e-01 4.5445546508e-01 4.8308390379e-01 4.9423697591e-01
3.6688229442e-01 4.4963797927e-01 4.8104485869e-01 4.9191689491e-01
3.5592404008e-01 4.4515404105e-01 4.7816833854e-01 4.9138650298e-01
3.4563755989e-01 4.4021946192e-01 4.7675511241e-01 4.8998337984e-01
3.3678954840e-01 4.3672844768e-01 4.7422659397e-01 4.8900851607e-01
3.2928198576e-01 4.3243557215e-01 4.7287595272e-01 4.8862093687e-01
3.2146954536e-01 4.2872500420e-01 4.7078350186e-01 4.8768860102e-01
3.1414893270e-01 4.2631396651e-01 4.6864432096e-01 4.8662680387e-01
3.0765402317e-01 4.2343094945e-01 4.6734255552e-01 4.8578852415e-01
3.0170893669e-01 4.1961196065e-01 4.6535807848e-01 4.8436796665e-01
